  0
SECTION
  2
HEADER
  9
$ACADVER
  1
AC1009
  9
$INSBASE
 10
0.0
 20
0.0
 30
0.0
  9
$EXTMIN
 10
0.0
 20
0.0
 30
0.0
  9
$EXTMAX
 10
0.0
 20
0.0
 30
0.0
  0
ENDSEC
  0
SECTION
  2
TABLES
  0
TABLE
  2
VPORT
 70
0
  0
ENDTAB
  0
TABLE
  2
LTYPE
 70
1
  0
LTYPE
  2
CONTINUOUS
 70
0
  3
Solid line
 72
65
 73
0
 40
0.0
  0
ENDTAB
  0
TABLE
  2
LAYER
 70
1
  0
LAYER
  2
PYDXF
 70
64
 62
7
  6
continuous
  0
ENDTAB
  0
TABLE
  2
STYLE
 70
1
  0
STYLE
  2
STANDARD
 70
0
 40
0
 41
1.0
 50
0.0
 71
0
 42
1
 3
ARIAL.TTF
 4

  0
ENDTAB
  0
TABLE
  2
VIEW
 70
0
  0
ENDTAB
  0
ENDSEC
  0
SECTION
  2
BLOCKS
  0
BLOCK
  8
0
  2
SKETCH003
 70
0
 10
0.0
 20
0.0
 30
0.0
  3
SKETCH003
  0
POLYLINE
  8
0
 62
7
 70
1
 66
1
 10
0.0
 20
0.0
 30
0.0
  0
VERTEX
  8
0
 10
-25.4999952
 20
-27.9999972287
  0
VERTEX
  8
0
 10
-33.4999937812
 20
-14.143589949
  0
VERTEX
  8
0
 10
-33.4999937812
 20
14.143589949
  0
VERTEX
  8
0
 10
-25.5
 20
28.0
  0
VERTEX
  8
0
 10
25.5
 20
28.0
  0
VERTEX
  8
0
 10
33.4999937812
 20
14.143589949
  0
VERTEX
  8
0
 10
33.4999937812
 20
-14.143589949
  0
VERTEX
  8
0
 10
25.4999952
 20
-27.9999972287
  0
SEQEND
  8
0
  0
POLYLINE
  8
0
 62
7
 70
1
 66
1
 10
0.0
 20
0.0
 30
0.0
  0
VERTEX
  8
0
 10
8.99999947304
 20
-2.5
  0
VERTEX
  8
0
 10
2.75000079382
 20
-13.3253183099
  0
VERTEX
  8
0
 10
22.668586484
 20
-24.8253158796
  0
VERTEX
  8
0
 10
28.9185851632
 20
-13.9999975698
  0
SEQEND
  8
0
  0
POLYLINE
  8
0
 62
7
 70
1
 66
1
 10
0.0
 20
0.0
 30
0.0
  0
VERTEX
  8
0
 10
2.74999704382
 20
13.3253161448
  0
VERTEX
  8
0
 10
8.99999947304
 20
2.5
  0
VERTEX
  8
0
 10
28.9185811795
 20
14.0000044698
  0
VERTEX
  8
0
 10
22.6685787502
 20
24.8253206146
  0
SEQEND
  8
0
  0
POLYLINE
  8
0
 62
7
 70
1
 66
1
 10
0.0
 20
0.0
 30
0.0
  0
VERTEX
  8
0
 10
-8.99999947304
 20
2.5
  0
VERTEX
  8
0
 10
-2.74999704382
 20
13.3253161448
  0
VERTEX
  8
0
 10
-22.6685787502
 20
24.8253206146
  0
VERTEX
  8
0
 10
-28.9185811795
 20
14.0000044698
  0
SEQEND
  8
0
  0
POLYLINE
  8
0
 62
7
 70
1
 66
1
 10
0.0
 20
0.0
 30
0.0
  0
VERTEX
  8
0
 10
-28.9186886623
 20
-13.999818302
  0
VERTEX
  8
0
 10
-22.6687874112
 20
-24.8251928614
  0
VERTEX
  8
0
 10
-2.75009822194
 20
-13.3253745594
  0
VERTEX
  8
0
 10
-8.99999947304
 20
-2.5
  0
SEQEND
  8
0
  0
CIRCLE
  8
0
 62
7
 10
0.0
 20
0.0
 30
0.0
 40
4.03848356947
  0
POLYLINE
  8
0
 62
7
 70
1
 66
1
 10
0.0
 20
0.0
 30
0.0
  0
VERTEX
  8
0
 10
-26.5
 20
-10.0
  0
VERTEX
  8
0
 10
-26.5
 20
-1.5
  0
VERTEX
  8
0
 10
-15.5938600659
 20
-1.5
  0
VERTEX
  8
0
 10
-15.5938600659
 20
-3.70346982038
  0
SEQEND
  8
0
  0
POLYLINE
  8
0
 62
7
 70
1
 66
1
 10
0.0
 20
0.0
 30
0.0
  0
VERTEX
  8
0
 10
-26.5
 20
1.5
  0
VERTEX
  8
0
 10
-15.6519252532
 20
1.5
  0
VERTEX
  8
0
 10
-15.6519252532
 20
3.73685787895
  0
VERTEX
  8
0
 10
-26.5
 20
10.0
  0
SEQEND
  8
0
  0
ENDBLK
  0
ENDSEC
  0
SECTION
  2
ENTITIES
  0
INSERT
  2
SKETCH003
  8
0
 10
0.0
 20
0.0
 30
0.0
  0
ENDSEC
  0
EOF
